4188 3996 8756
1616 9072 7542
7027 9481 47
4861 9922 7005
4434 491 2550
3087 4869 7713
5625 6137 206
4994 1357 8150
7650 8676 3175
494 7800 8141
1765 2655 7200
9190 6717 4902
6223 3777 5175
3348 3592 9349
6346 1199 2734
9074 3427 3108
9280 4986 2609
519 3489 9715
2165 4624 6170
8860 3287 150
1734 5302 8399
7557 7434 8801
1888 3444 3557
9068 2906 8948
5345 8156 9756
3774 3770 8523
654 9086 8949
6390 6218 5991
6924 6107 4889
7550 7828 204
3671 1370 1032
1471 3084 6679
777 8005 7031
4521 4010 9481
5372 2171 654
3089 9466 3242
5396 545 8664
3051 9219 3390
8802 4782 8370
2369 2095 5732
8227 8141 1550
4504 9625 4738
1965 9395 5585
4303 3934 5416
7126 1427 6847
2413 7843 8110
1863 9545 8288
5845 6019 2049
2828 9586 4242
4638 3629 9513
6881 2151 8688
378 6541 2158
3413 4969 9536
6072 8158 7768
4041 5064 7348
7218 9179 4545
9316 204 6671
6333 9859 310
9474 732 6632
2210 9833 1720
5983 8167 2576
7182 8599 9018
8160 2717 5425
1242 3960 1915
719 3787 1593
8202 4809 3125
2729 3372 5159
2745 5702 5735
675 3689 558
6441 841 6114
667 6005 8240
7883 4939 4302
272 5174 5836
6375 3493 1775
4896 3301 1893
8305 9258 2021
8625 9935 9827
598 9248 1367
4125 5639 3370
777 4641 6799
740 272 6523
9188 7269 8946
6856 8306 6293
6095 1416 3657
411 6359 3820
6618 9685 5570
6268 5318 2681
6005 713 4287
7846 2334 4220
9464 4067 5095
2507 9793 922
6769 1245 5079
1046 6674 5535
6021 9382 4779
4179 6445 6605
1288 6845 9603
6958 8377 9052
143 3927 2818
1989 830 712
3410 1641 8437
